{"separator":"SEMICOLON","missingValue":null,"escapeSign":"NONE","locale":"EN","groupModel":{"groups":[]},"text":"","covarianceData":false,"indicators":[{"index":0,"name":"1. Saya menonton TikTok setiap hari.","mean":3.34,"kurtosis":-0.036398511312020876,"skewNess":-1.0179987382488653,"cramerVanMises":7.37E-10,"median":4.0,"standardDeviation":0.8511169132381289,"numberOfRecords":100,"numberOfMissingValues":0,"lowestValue":1.0,"highestValue":4.0,"numberOfStrings":0,"errors":[],"scaleInformation":{"type":"METRIC","minValue":1.0,"maxValue":4.0}},{"index":1,"name":"2. Saya tidak bisa mengontrol waktu yang saya habiskan di TikTok.","mean":2.79,"kurtosis":-0.8879943974373634,"skewNess":-0.19290880825071105,"cramerVanMises":5.98976930934812E-9,"median":3.0,"standardDeviation":0.9197282207261012,"numberOfRecords":100,"numberOfMissingValues":0,"lowestValue":1.0,"highestValue":4.0,"numberOfStrings":0,"errors":[],"scaleInformation":{"type":"METRIC","minValue":1.0,"maxValue":4.0}},{"index":2,"name":"3. Saya sering menonton TikTok dalam waktu lama tanpa sadar.","mean":2.81,"kurtosis":-1.0466590283753416,"skewNess":-0.3749787005130303,"cramerVanMises":1.3509962503695116E-8,"median":3.0,"standardDeviation":1.0362914647916386,"numberOfRecords":100,"numberOfMissingValues":0,"lowestValue":1.0,"highestValue":4.0,"numberOfStrings":0,"errors":[],"scaleInformation":{"type":"METRIC","minValue":1.0,"maxValue":4.0}},{"index":3,"name":"4. Saya membuka Tiktok lebih dari sekali dalam sehari","mean":3.2,"kurtosis":0.2167599410898302,"skewNess":-0.7602280505740615,"cramerVanMises":7.37E-10,"median":3.0,"standardDeviation":0.7745966692414834,"numberOfRecords":100,"numberOfMissingValues":0,"lowestValue":1.0,"highestValue":4.0,"numberOfStrings":0,"errors":[],"scaleInformation":{"type":"METRIC","minValue":1.0,"maxValue":4.0}},{"index":4,"name":"5. Saya lebih memilih TikTok karena konten yang bervariasi","mean":3.27,"kurtosis":1.0217130795924878,"skewNess":-1.0415703684192632,"cramerVanMises":7.37E-10,"median":3.0,"standardDeviation":0.7727224598780602,"numberOfRecords":100,"numberOfMissingValues":0,"lowestValue":1.0,"highestValue":4.0,"numberOfStrings":0,"errors":[],"scaleInformation":{"type":"METRIC","minValue":1.0,"maxValue":4.0}},{"index":5,"name":"6. Saya suka dengan konten di Tiktok karena durasi pendek dan visual menarik","mean":3.39,"kurtosis":0.3378644845598755,"skewNess":-1.1595405878443503,"cramerVanMises":7.37E-10,"median":4.0,"standardDeviation":0.8354040938372278,"numberOfRecords":100,"numberOfMissingValues":0,"lowestValue":1.0,"highestValue":4.0,"numberOfStrings":0,"errors":[],"scaleInformation":{"type":"METRIC","minValue":1.0,"maxValue":4.0}},{"index":6,"name":"7.  Saya merasa sulit memahami materi yang memiliki banyak informasi kompleks.","mean":2.66,"kurtosis":-1.023566863168238,"skewNess":-0.02034308264211946,"cramerVanMises":7.943958134764371E-9,"median":3.0,"standardDeviation":0.9614572273377532,"numberOfRecords":100,"numberOfMissingValues":0,"lowestValue":1.0,"highestValue":4.0,"numberOfStrings":0,"errors":[],"scaleInformation":{"type":"METRIC","minValue":1.0,"maxValue":4.0}},{"index":7,"name":"8. Saya sering membuka TikTok saat belajar.","mean":2.89,"kurtosis":-0.852948253950164,"skewNess":-0.5244205888995535,"cramerVanMises":4.030082571206959E-9,"median":3.0,"standardDeviation":1.0187737727287645,"numberOfRecords":100,"numberOfMissingValues":0,"lowestValue":1.0,"highestValue":4.0,"numberOfStrings":0,"errors":[],"scaleInformation":{"type":"METRIC","minValue":1.0,"maxValue":4.0}},{"index":8,"name":"9. Saya mengalami kesulitan untuk kembali belajar setelah menonton TikTok.","mean":2.68,"kurtosis":-1.046207445324859,"skewNess":-0.20803647420155044,"cramerVanMises":3.246809680080658E-8,"median":3.0,"standardDeviation":1.0087616170334792,"numberOfRecords":100,"numberOfMissingValues":0,"lowestValue":1.0,"highestValue":4.0,"numberOfStrings":0,"errors":[],"scaleInformation":{"type":"METRIC","minValue":1.0,"maxValue":4.0}},{"index":9,"name":"10. Saya merasa cepat lelah saat memproses informasi baru.","mean":2.53,"kurtosis":-0.9758928160513309,"skewNess":-0.05264728049764923,"cramerVanMises":2.3090284930132863E-8,"median":3.0,"standardDeviation":0.9742176348229383,"numberOfRecords":100,"numberOfMissingValues":0,"lowestValue":1.0,"highestValue":4.0,"numberOfStrings":0,"errors":[],"scaleInformation":{"type":"METRIC","minValue":1.0,"maxValue":4.0}},{"index":10,"name":"11. Saya sering kewalahan ketika harus membaca teks panjang.","mean":2.59,"kurtosis":-1.0844364232835049,"skewNess":-0.008850458272716353,"cramerVanMises":2.4264158034704772E-8,"median":3.0,"standardDeviation":1.000949549178179,"numberOfRecords":100,"numberOfMissingValues":0,"lowestValue":1.0,"highestValue":4.0,"numberOfStrings":0,"errors":[],"scaleInformation":{"type":"METRIC","minValue":1.0,"maxValue":4.0}},{"index":11,"name":"12. Saya merasa butuh waktu ekstra untuk memahami pelajaran.","mean":2.97,"kurtosis":-0.9645035690772215,"skewNess":-0.5453440456985021,"cramerVanMises":1.1619216428588838E-9,"median":3.0,"standardDeviation":1.0339729203417274,"numberOfRecords":100,"numberOfMissingValues":0,"lowestValue":1.0,"highestValue":4.0,"numberOfStrings":0,"errors":[],"scaleInformation":{"type":"METRIC","minValue":1.0,"maxValue":4.0}},{"index":12,"name":"13. Saya sulit fokus saat memulai sesi belajar.","mean":2.68,"kurtosis":-1.0433012989278385,"skewNess":-0.05271301399352467,"cramerVanMises":9.570649197183026E-9,"median":3.0,"standardDeviation":0.9682974749528163,"numberOfRecords":100,"numberOfMissingValues":0,"lowestValue":1.0,"highestValue":4.0,"numberOfStrings":0,"errors":[],"scaleInformation":{"type":"METRIC","minValue":1.0,"maxValue":4.0}},{"index":13,"name":"14. Saya sering susah fokus jika belajar dalam waktu lama.","mean":2.61,"kurtosis":-1.158046802935132,"skewNess":-0.04939603907656266,"cramerVanMises":3.637709285936578E-8,"median":3.0,"standardDeviation":1.0285426583277917,"numberOfRecords":100,"numberOfMissingValues":0,"lowestValue":1.0,"highestValue":4.0,"numberOfStrings":0,"errors":[],"scaleInformation":{"type":"METRIC","minValue":1.0,"maxValue":4.0}},{"index":14,"name":"15. Saya sering berhenti mengerjakan tugas untuk membuka TikTok.","mean":2.66,"kurtosis":-1.1659557211449976,"skewNess":-0.276503583564816,"cramerVanMises":1.8763200188008596E-8,"median":3.0,"standardDeviation":1.0697663296253066,"numberOfRecords":100,"numberOfMissingValues":0,"lowestValue":1.0,"highestValue":4.0,"numberOfStrings":0,"errors":[],"scaleInformation":{"type":"METRIC","minValue":1.0,"maxValue":4.0}},{"index":15,"name":"16. Saya perlu waktu lama untuk kembali fokus belajar setelah terdistraksi oleh Tiktok.","mean":2.65,"kurtosis":-1.125437627102278,"skewNess":-0.21956172754516728,"cramerVanMises":3.737742536532553E-8,"median":3.0,"standardDeviation":1.0428326807307104,"numberOfRecords":100,"numberOfMissingValues":0,"lowestValue":1.0,"highestValue":4.0,"numberOfStrings":0,"errors":[],"scaleInformation":{"type":"METRIC","minValue":1.0,"maxValue":4.0}},{"index":16,"name":"17. Saya sulit mempertahankan perhatian saat membaca materi.","mean":2.57,"kurtosis":-1.1304312382205868,"skewNess":-0.021204702256484506,"cramerVanMises":4.419698943550329E-8,"median":3.0,"standardDeviation":1.02230132544177,"numberOfRecords":100,"numberOfMissingValues":0,"lowestValue":1.0,"highestValue":4.0,"numberOfStrings":0,"errors":[],"scaleInformation":{"type":"METRIC","minValue":1.0,"maxValue":4.0}},{"index":17,"name":"18. Saya suka mencari ringkasan materi karena malas membaca text yang panjang.","mean":2.87,"kurtosis":-0.999580493868423,"skewNess":-0.39099149835170743,"cramerVanMises":7.350665157507417E-9,"median":3.0,"standardDeviation":1.0065286881157438,"numberOfRecords":100,"numberOfMissingValues":0,"lowestValue":1.0,"highestValue":4.0,"numberOfStrings":0,"errors":[],"scaleInformation":{"type":"METRIC","minValue":1.0,"maxValue":4.0}},{"index":18,"name":"19. Saya mudah memahami materi pembelajaran.","mean":3.29,"kurtosis":-0.42115370854496037,"skewNess":-0.8796333698257549,"cramerVanMises":7.37E-10,"median":4.0,"standardDeviation":0.8751571287488895,"numberOfRecords":100,"numberOfMissingValues":0,"lowestValue":1.0,"highestValue":4.0,"numberOfStrings":0,"errors":[],"scaleInformation":{"type":"METRIC","minValue":1.0,"maxValue":4.0}},{"index":19,"name":"20. Saya mudah mengingat materi yang telah saya pelajarin.","mean":3.04,"kurtosis":0.5709790531792396,"skewNess":-0.72790509106446,"cramerVanMises":7.37E-10,"median":3.0,"standardDeviation":0.7735631842325484,"numberOfRecords":100,"numberOfMissingValues":0,"lowestValue":1.0,"highestValue":4.0,"numberOfStrings":0,"errors":[],"scaleInformation":{"type":"METRIC","minValue":1.0,"maxValue":4.0}},{"index":20,"name":"21. Saya selalu menyelesaikan tugas akademik sebelum melakukan aktivitas lain.","mean":3.13,"kurtosis":0.2675324601229261,"skewNess":-0.7992226260931452,"cramerVanMises":7.37E-10,"median":3.0,"standardDeviation":0.8204267182387468,"numberOfRecords":100,"numberOfMissingValues":0,"lowestValue":1.0,"highestValue":4.0,"numberOfStrings":0,"errors":[],"scaleInformation":{"type":"METRIC","minValue":1.0,"maxValue":4.0}},{"index":21,"name":"22. Saya merasa hasil akademik saya memuaskan.","mean":3.18,"kurtosis":-0.03496125879505607,"skewNess":-0.7039693605658593,"cramerVanMises":7.37E-10,"median":3.0,"standardDeviation":0.7922120928135343,"numberOfRecords":100,"numberOfMissingValues":0,"lowestValue":1.0,"highestValue":4.0,"numberOfStrings":0,"errors":[],"scaleInformation":{"type":"METRIC","minValue":1.0,"maxValue":4.0}},{"index":22,"name":"23. Saya memahami apa yang saya pelajari dari tugas yang diberikan.","mean":3.05,"kurtosis":0.19596790114849982,"skewNess":-0.7841590276892642,"cramerVanMises":7.37E-10,"median":3.0,"standardDeviation":0.852936105461599,"numberOfRecords":100,"numberOfMissingValues":0,"lowestValue":1.0,"highestValue":4.0,"numberOfStrings":0,"errors":[],"scaleInformation":{"type":"METRIC","minValue":1.0,"maxValue":4.0}},{"index":23,"name":"24. Saya mampu mengelola waktu belajar dengan baik.","mean":3.16,"kurtosis":-0.0015574472600299316,"skewNess":-0.7476028017547974,"cramerVanMises":7.37E-10,"median":3.0,"standardDeviation":0.8212186067059124,"numberOfRecords":100,"numberOfMissingValues":0,"lowestValue":1.0,"highestValue":4.0,"numberOfStrings":0,"errors":[],"scaleInformation":{"type":"METRIC","minValue":1.0,"maxValue":4.0}},{"index":24,"name":"25. Saya rutin mempersiapkan diri untuk ujian/kuis.","mean":3.14,"kurtosis":-0.14234895037891082,"skewNess":-0.7549293199546938,"cramerVanMises":7.37E-10,"median":3.0,"standardDeviation":0.8604649905719582,"numberOfRecords":100,"numberOfMissingValues":0,"lowestValue":1.0,"highestValue":4.0,"numberOfStrings":0,"errors":[],"scaleInformation":{"type":"METRIC","minValue":1.0,"maxValue":4.0}},{"index":25,"name":"Age","mean":20.78,"kurtosis":-1.3356532427078753,"skewNess":-0.017904932090738703,"cramerVanMises":1.2128825107938503E-5,"median":21.0,"standardDeviation":2.0028979005431107,"numberOfRecords":100,"numberOfMissingValues":0,"lowestValue":18.0,"highestValue":24.0,"numberOfStrings":0,"errors":[],"scaleInformation":{"type":"METRIC","minValue":18.0,"maxValue":24.0}},{"index":26,"name":"Education_Level","mean":0.76,"kurtosis":-0.4818978595236314,"skewNess":-1.236182093045842,"cramerVanMises":7.37E-10,"median":1.0,"standardDeviation":0.4270831300812525,"numberOfRecords":100,"numberOfMissingValues":0,"lowestValue":0.0,"highestValue":1.0,"numberOfStrings":0,"errors":[],"scaleInformation":{"type":"BINARY","minValue":0.0,"maxValue":1.0}},{"index":27,"name":"Gender","mean":0.62,"kurtosis":-1.7840756101856154,"skewNess":-0.5020131810080242,"cramerVanMises":7.37E-10,"median":1.0,"standardDeviation":0.48538644398046393,"numberOfRecords":100,"numberOfMissingValues":0,"lowestValue":0.0,"highestValue":1.0,"numberOfStrings":0,"errors":[],"scaleInformation":{"type":"BINARY","minValue":0.0,"maxValue":1.0}}],"numberOfIndicators":28,"numberOfCases":100,"numberOfMissingValues":0,"indicatorCorrelations":{"rowHeaders":["1. Saya menonton TikTok setiap hari.","2. Saya tidak bisa mengontrol waktu yang saya habiskan di TikTok.","3. Saya sering menonton TikTok dalam waktu lama tanpa sadar.","4. Saya membuka Tiktok lebih dari sekali dalam sehari","5. Saya lebih memilih TikTok karena konten yang bervariasi","6. Saya suka dengan konten di Tiktok karena durasi pendek dan visual menarik","7.  Saya merasa sulit memahami materi yang memiliki banyak informasi kompleks.","8. Saya sering membuka TikTok saat belajar.","9. Saya mengalami kesulitan untuk kembali belajar setelah menonton TikTok.","10. Saya merasa cepat lelah saat memproses informasi baru.","11. Saya sering kewalahan ketika harus membaca teks panjang.","12. Saya merasa butuh waktu ekstra untuk memahami pelajaran.","13. Saya sulit fokus saat memulai sesi belajar.","14. Saya sering susah fokus jika belajar dalam waktu lama.","15. Saya sering berhenti mengerjakan tugas untuk membuka TikTok.","16. Saya perlu waktu lama untuk kembali fokus belajar setelah terdistraksi oleh Tiktok.","17. Saya sulit mempertahankan perhatian saat membaca materi.","18. Saya suka mencari ringkasan materi karena malas membaca text yang panjang.","19. Saya mudah memahami materi pembelajaran.","20. Saya mudah mengingat materi yang telah saya pelajarin.","21. Saya selalu menyelesaikan tugas akademik sebelum melakukan aktivitas lain.","22. Saya merasa hasil akademik saya memuaskan.","23. Saya memahami apa yang saya pelajari dari tugas yang diberikan.","24. Saya mampu mengelola waktu belajar dengan baik.","25. Saya rutin mempersiapkan diri untuk ujian/kuis.","Age","Education_Level","Gender"],"columnHeaders":["1. Saya menonton TikTok setiap hari.","2. Saya tidak bisa mengontrol waktu yang saya habiskan di TikTok.","3. Saya sering menonton TikTok dalam waktu lama tanpa sadar.","4. Saya membuka Tiktok lebih dari sekali dalam sehari","5. Saya lebih memilih TikTok karena konten yang bervariasi","6. Saya suka dengan konten di Tiktok karena durasi pendek dan visual menarik","7.  Saya merasa sulit memahami materi yang memiliki banyak informasi kompleks.","8. Saya sering membuka TikTok saat belajar.","9. Saya mengalami kesulitan untuk kembali belajar setelah menonton TikTok.","10. Saya merasa cepat lelah saat memproses informasi baru.","11. Saya sering kewalahan ketika harus membaca teks panjang.","12. Saya merasa butuh waktu ekstra untuk memahami pelajaran.","13. Saya sulit fokus saat memulai sesi belajar.","14. Saya sering susah fokus jika belajar dalam waktu lama.","15. Saya sering berhenti mengerjakan tugas untuk membuka TikTok.","16. Saya perlu waktu lama untuk kembali fokus belajar setelah terdistraksi oleh Tiktok.","17. Saya sulit mempertahankan perhatian saat membaca materi.","18. Saya suka mencari ringkasan materi karena malas membaca text yang panjang.","19. Saya mudah memahami materi pembelajaran.","20. Saya mudah mengingat materi yang telah saya pelajarin.","21. Saya selalu menyelesaikan tugas akademik sebelum melakukan aktivitas lain.","22. Saya merasa hasil akademik saya memuaskan.","23. Saya memahami apa yang saya pelajari dari tugas yang diberikan.","24. Saya mampu mengelola waktu belajar dengan baik.","25. Saya rutin mempersiapkan diri untuk ujian/kuis.","Age","Education_Level","Gender"],"values":[0.9999999999999999,0.32115636967996614,0.3453494406962859,0.6552679111169646,0.5446441272336675,0.699551932968425,0.25124875656308815,0.2045910535183827,0.20825227022414275,0.2771435762801395,0.22232001626551617,0.39794014710588227,0.19268702786471728,0.1971647452632294,0.1599128007171723,0.11154017998881566,0.21399889554850632,0.19167160269060715,0.25696068294410535,0.434998741392474,0.29472457786301204,0.2948395174798316,0.293409305755536,0.30846134993898766,0.24905909640574905,-0.014782657289223823,0.03191217107005125,-0.19558452826368908,0.32115636967996614,1.0000000000000002,0.7030693804290787,0.4098714930517702,0.5159740521199786,0.3929225929747554,0.4733798232031474,0.6050192439288239,0.5203783261136126,0.5817980023767743,0.5256345713329016,0.5717295714895566,0.6094969366333725,0.6745387811937269,0.6897082458625177,0.7157583056652532,0.6271807085637239,0.6186450081562809,0.34898454305452353,0.3631927782677664,0.3012313221368749,0.2577475868977521,0.3065766465274039,0.4416800147928055,0.31514014581200844,0.13234738890507267,0.024439893189549845,0.04524850282442843,0.3453494406962859,0.7030693804290787,1.0000000000000007,0.44599036887787724,0.48865730009710107,0.3859205946269367,0.37677526042569165,0.5390498238322255,0.5827595836136611,0.47614169565534675,0.5419004052619109,0.5453116805430913,0.49748942803596513,0.6810399157340266,0.5280582989134692,0.604712627993511,0.5930703530444564,0.5899005977209909,0.3033350772562858,0.29639353241107513,0.13490924177100824,0.2365515711468234,0.1238841368160578,0.31773567910954326,0.24290884336277427,0.01840444096995085,-0.057842309791946836,0.09502947552475018,0.6552679111169646,0.4098714930517702,0.44599036887787724,0.999999999999999,0.49452989484232385,0.6675926129259944,0.4001388047064128,0.3953677242070199,0.3506601291927134,0.37634550056939303,0.3895104641770618,0.43200752212636234,0.20532238309823314,0.3614885568678268,0.3113545066337063,0.297112541083283,0.3611698460616652,0.45661294027328947,0.3569880725769743,0.45393898935936944,0.33674282649223275,0.3813280606854896,0.25731007853901644,0.43702913428638246,0.28806626286156384,-0.13278003654977216,-0.06650198959341774,-0.0638333994570858,0.5446441272336675,0.5159740521199786,0.48865730009710107,0.49452989484232385,1.0000000000000004,0.6424123784053042,0.3927640987835039,0.46962170290054134,0.3417607119713024,0.34125936786904426,0.2982715771621623,0.4607158113290245,0.3961374160217129,0.358968158808777,0.437679395924684,0.42751470531290237,0.3368545478366247,0.45656327943497566,0.34262296055243574,0.3834381187961102,0.44939591292779896,0.3616701060405461,0.4953853410059365,0.49923250733842495,0.27402591211567,0.006073590494101784,-0.10666126028250235,-0.07305322351298779,0.699551932968425,0.3929225929747554,0.3859205946269367,0.6675926129259944,0.6424123784053042,0.9999999999999986,0.3891906571505224,0.3793968230118982,0.25488784689485844,0.311230824985848,0.2749350971937159,0.5345078780582068,0.1419176756367274,0.22356739019913285,0.2490804469046688,0.13372564256054653,0.18465291598642353,0.32193300167446515,0.4197727616367831,0.40913728530674814,0.37832594219453275,0.42277533616408397,0.37962444626737607,0.41921180293784926,0.31356249215533,-0.0861806667795415,-0.045965800931700294,-0.12774547265388556,0.25124875656308815,0.4733798232031474,0.37677526042569165,0.4001388047064128,0.3927640987835039,0.3891906571505224,0.9999999999999997,0.6152071906849028,0.6404908495152547,0.7582190868945109,0.6968212597921349,0.5832289563453725,0.35575544867734593,0.3310750079158926,0.4612387509520778,0.34010246354741014,0.3090856747850289,0.32632924757138115,0.010220742528451988,0.21996700341373404,0.19548552727533017,0.08034890939172962,0.10608959351085463,0.10689409073230792,-0.0029010022675588455,0.03385780629529794,0.04481005093908687,0.02314228000992757,0.2045910535183827,0.6050192439288239,0.5390498238322255,0.3953677242070199,0.46962170290054134,0.3793968230118982,0.6152071906849028,0.9999999999999979,0.6760728639012403,0.5625147116295232,0.5245448815833701,0.6708851371230236,0.39007535108694563,0.5507455664994101,0.5162178851840371,0.47203972487606805,0.425062548881563,0.5906818957007345,0.3273936895770007,0.34818540173690093,0.3521054204686228,0.2723381385189328,0.3055415451863276,0.34375762876298926,0.2799391227901119,0.07635384043756469,-0.08365871907523624,-0.10475249135868775,0.20825227022414275,0.5203783261136126,0.5827595836136611,0.3506601291927134,0.3417607119713024,0.25488784689485844,0.6404908495152547,0.6760728639012403,0.9999999999999979,0.5999470732024877,0.682169661661712,0.6043916985169779,0.4172888945549334,0.602570840616715,0.5293107630346566,0.4829036970515329,0.52595938373116,0.4219245106138799,0.150426202226578,0.32396099787964594,0.1348453112853,0.1596690192809471,0.12319719429720503,0.07387612240155207,0.20138154762604876,0.11363824638259841,0.03063888560023403,-0.0032677121314499125,0.2771435762801395,0.5817980023767743,0.47614169565534675,0.37634550056939303,0.34125936786904426,0.311230824985848,0.7582190868945109,0.5625147116295232,0.5999470732024877,0.9999999999999981,0.6843100998172733,0.6015002345491938,0.4554067743838512,0.46575712318449264,0.5471196358997858,0.4680366926384697,0.45976481558697535,0.39660282081170833,0.007389218825128798,0.26379381027549537,0.12648976147456042,0.0059601937472666,0.07641898054649827,0.08149534980427399,0.054635671641016265,0.12637997765498443,0.11344192695375101,0.0452553724625767,0.22232001626551617,0.5256345713329016,0.5419004052619109,0.3895104641770618,0.2982715771621623,0.2749350971937159,0.6968212597921349,0.5245448815833701,0.682169661661712,0.6843100998172733,0.9999999999999993,0.5485264083334197,0.4733718428224323,0.5634668473656346,0.4488308019116641,0.5139760769323621,0.49224446186505544,0.3838272691371191,0.10148539301177736,0.22781934561540074,0.05272734610299429,0.14351212868949678,0.024011825243256176,0.15279835203145514,0.07825543379023857,0.05975659163177409,0.09731252137979343,0.0498098844926497,0.39794014710588227,0.5717295714895566,0.5453116805430913,0.43200752212636234,0.4607158113290245,0.5345078780582068,0.5832289563453725,0.6708851371230236,0.6043916985169779,0.6015002345491938,0.5485264083334197,1.0000000000000002,0.2700776979349248,0.45915070019699605,0.35240636630300914,0.38905246165759094,0.4229768330791771,0.4670789536422454,0.25273824478058704,0.31406148355369745,0.26393995208964244,0.22633884615261368,0.11509073898962631,0.18230685991392181,0.20703666153412328,0.1416746451072019,0.096921959818948,-0.18211653885635226,0.19268702786471728,0.6094969366333725,0.49748942803596513,0.20532238309823314,0.3961374160217129,0.1419176756367274,0.35575544867734593,0.39007535108694563,0.4172888945549334,0.4554067743838512,0.4733718428224323,0.2700776979349248,0.9999999999999993,0.6679149011231419,0.6286612156133067,0.800180435499056,0.6186534779945477,0.5113792202749255,0.33372179511859135,0.284097251302607,0.3796494216177076,0.3227753595363621,0.27364224260595094,0.4542345469020229,0.31781616028069115,0.09776214510878198,0.03191925269009086,0.0817023939602513,0.1971647452632294,0.6745387811937269,0.6810399157340266,0.3614885568678268,0.358968158808777,0.22356739019913285,0.3310750079158926,0.5507455664994101,0.602570840616715,0.46575712318449264,0.5634668473656346,0.45915070019699605,0.6679149011231419,0.9999999999999978,0.6156501068415017,0.7118231367851063,0.7725297638168737,0.6561651315255546,0.4811492801742375,0.37152353362531726,0.23784020396926642,0.36842315038454,0.22740713807896987,0.3461754607511986,0.4458631370049432,0.05058090541317783,-0.008195355084192217,0.06369673452263562,0.1599128007171723,0.6897082458625177,0.5280582989134692,0.3113545066337063,0.437679395924684,0.2490804469046688,0.4612387509520778,0.5162178851840371,0.5293107630346566,0.5471196358997858,0.4488308019116641,0.35240636630300914,0.6286612156133067,0.6156501068415017,1.0000000000000007,0.6821519098627392,0.6984121815012262,0.6090547436829195,0.383032236140495,0.427294732781225,0.3124199298964517,0.2492088848569597,0.39125760550309535,0.3806436274046661,0.37762230441999284,0.08176856307786302,-0.04727727207784332,0.17486757236433748,0.11154017998881566,0.7157583056652532,0.604712627993511,0.297112541083283,0.42751470531290237,0.13372564256054653,0.34010246354741014,0.47203972487606805,0.4829036970515329,0.4680366926384697,0.5139760769323621,0.38905246165759094,0.800180435499056,0.7118231367851063,0.6821519098627392,0.9999999999999996,0.6655165242143795,0.5854382537557397,0.3522737720206145,0.26527929097263475,0.28694394733353445,0.3304506015318263,0.24452773755341067,0.4624042023348989,0.32206980097393795,0.14027948933105774,0.03592468202762604,0.13236480580744717,0.21399889554850632,0.6271807085637239,0.5930703530444564,0.3611698460616652,0.3368545478366247,0.18465291598642353,0.3090856747850289,0.425062548881563,0.52595938373116,0.45976481558697535,0.49224446186505544,0.4229768330791771,0.6186534779945477,0.7725297638168737,0.6984121815012262,0.6655165242143795,1.0,0.5968071476764262,0.39645712735704997,0.4263957326646643,0.15010909649840345,0.2437399720567932,0.27696297299427974,0.3320894391693181,0.398110849040726,0.11984966465672944,0.03847848291640675,0.053606205845850054,0.19167160269060715,0.6186450081562809,0.5899005977209909,0.45661294027328947,0.45656327943497566,0.32193300167446515,0.32632924757138115,0.5906818957007345,0.4219245106138799,0.39660282081170833,0.3838272691371191,0.4670789536422454,0.5113792202749255,0.6561651315255546,0.6090547436829195,0.5854382537557397,0.5968071476764262,1.0,0.5536567042252235,0.37913545805704935,0.40797641561022446,0.40557613332796316,0.34536795670947756,0.4364973288539788,0.4251326123879771,-0.019147070469227322,-0.04931707223045551,0.021696619091687967,0.25696068294410535,0.34898454305452353,0.3033350772562858,0.3569880725769743,0.34262296055243574,0.4197727616367831,0.010220742528451988,0.3273936895770007,0.150426202226578,0.007389218825128798,0.10148539301177736,0.25273824478058704,0.33372179511859135,0.4811492801742375,0.383032236140495,0.3522737720206145,0.39645712735704997,0.5536567042252235,0.9999999999999989,0.5441740081192435,0.5742321509563442,0.7468519923415848,0.637012548650841,0.6589718733255723,0.729574112117755,-0.06629202446664811,-0.10808935202868396,-0.09369348523566122,0.434998741392474,0.3631927782677664,0.29639353241107513,0.45393898935936944,0.3834381187961102,0.40913728530674814,0.21996700341373404,0.34818540173690093,0.32396099787964594,0.26379381027549537,0.22781934561540074,0.31406148355369745,0.284097251302607,0.37152353362531726,0.427294732781225,0.26527929097263475,0.4263957326646643,0.37913545805704935,0.5441740081192435,0.9999999999999978,0.5432899476172315,0.49410427444505345,0.5274325795508489,0.4149452836603199,0.7127146450507528,0.10249339862623909,-0.061747866708593085,-0.01278373625158348,0.29472457786301204,0.3012313221368749,0.13490924177100824,0.33674282649223275,0.44939591292779896,0.37832594219453275,0.19548552727533017,0.3521054204686228,0.1348453112853,0.12648976147456042,0.05272734610299429,0.26393995208964244,0.3796494216177076,0.23784020396926642,0.3124199298964517,0.28694394733353445,0.15010909649840345,0.40797641561022446,0.5742321509563442,0.5432899476172315,0.9999999999999979,0.5640416805489324,0.5194552274635952,0.6221895288810244,0.5408326770355342,-0.006937551894044627,-0.053654436363114365,-0.05172967882831876,0.2948395174798316,0.2577475868977521,0.2365515711468234,0.3813280606854896,0.3616701060405461,0.42277533616408397,0.08034890939172962,0.2723381385189328,0.1596690192809471,0.0059601937472666,0.14351212868949678,0.22633884615261368,0.3227753595363621,0.36842315038454,0.2492088848569597,0.3304506015318263,0.2437399720567932,0.40557613332796316,0.7468519923415848,0.49410427444505345,0.5640416805489324,0.9999999999999981,0.4750584704579286,0.5705684052358232,0.6818540852734779,-0.04436825827736148,-0.04965413232550838,-0.1601959755973349,0.293409305755536,0.3065766465274039,0.1238841368160578,0.25731007853901644,0.4953853410059365,0.37962444626737607,0.10608959351085463,0.3055415451863276,0.12319719429720503,0.07641898054649827,0.024011825243256176,0.11509073898962631,0.27364224260595094,0.22740713807896987,0.39125760550309535,0.24452773755341067,0.27696297299427974,0.34536795670947756,0.637012548650841,0.5274325795508489,0.5194552274635952,0.4750584704579286,1.0000000000000009,0.6310256163763504,0.5491049291673543,0.018146228851355143,-0.13176871827811643,-0.07487857174399556,0.30846134993898766,0.4416800147928055,0.31773567910954326,0.43702913428638246,0.49923250733842495,0.41921180293784926,0.10689409073230792,0.34375762876298926,0.07387612240155207,0.08149534980427399,0.15279835203145514,0.18230685991392181,0.4542345469020229,0.3461754607511986,0.3806436274046661,0.4624042023348989,0.3320894391693181,0.4364973288539788,0.6589718733255723,0.4149452836603199,0.6221895288810244,0.5705684052358232,0.6310256163763504,1.0000000000000013,0.5343674546082496,-0.015077664961707222,-0.11861022583890131,-0.07325485745107752,0.24905909640574905,0.31514014581200844,0.24290884336277427,0.28806626286156384,0.27402591211567,0.31356249215533,-0.0029010022675588455,0.2799391227901119,0.20138154762604876,0.054635671641016265,0.07825543379023857,0.20703666153412328,0.31781616028069115,0.4458631370049432,0.37762230441999284,0.32206980097393795,0.398110849040726,0.4251326123879771,0.729574112117755,0.7127146450507528,0.5408326770355342,0.6818540852734779,0.5491049291673543,0.5343674546082496,0.9999999999999997,0.04108102219258554,-0.07183867355637938,-0.08811035896439538,-0.014782657289223823,0.13234738890507267,0.01840444096995085,-0.13278003654977216,0.006073590494101784,-0.0861806667795415,0.03385780629529794,0.07635384043756469,0.11363824638259841,0.12637997765498443,0.05975659163177409,0.1416746451072019,0.09776214510878198,0.05058090541317783,0.08176856307786302,0.14027948933105774,0.11984966465672944,-0.019147070469227322,-0.06629202446664811,0.10249339862623909,-0.006937551894044627,-0.04436825827736148,0.018146228851355143,-0.015077664961707222,0.04108102219258554,0.9999999999999997,0.7215304918331988,0.03744164569338517,0.03191217107005125,0.024439893189549845,-0.057842309791946836,-0.06650198959341774,-0.10666126028250235,-0.045965800931700294,0.04481005093908687,-0.08365871907523624,0.03063888560023403,0.11344192695375101,0.09731252137979343,0.096921959818948,0.03191925269009086,-0.008195355084192217,-0.04727727207784332,0.03592468202762604,0.03847848291640675,-0.04931707223045551,-0.10808935202868396,-0.061747866708593085,-0.053654436363114365,-0.04965413232550838,-0.13176871827811643,-0.11861022583890131,-0.07183867355637938,0.7215304918331988,0.9999999999999979,0.09068966323688944,-0.19558452826368908,0.04524850282442843,0.09502947552475018,-0.0638333994570858,-0.07305322351298779,-0.12774547265388556,0.02314228000992757,-0.10475249135868775,-0.0032677121314499125,0.0452553724625767,0.0498098844926497,-0.18211653885635226,0.0817023939602513,0.06369673452263562,0.17486757236433748,0.13236480580744717,0.053606205845850054,0.021696619091687967,-0.09369348523566122,-0.01278373625158348,-0.05172967882831876,-0.1601959755973349,-0.07487857174399556,-0.07325485745107752,-0.08811035896439538,0.03744164569338517,0.09068966323688944,1.0000000000000013]},"indicatorCovariances":null}